0.03369402885437012
0.03464007377624512
0.037492990493774414
0.041295766830444336
0.04415106773376465
0.04493999481201172
0.04548215866088867
0.045861244201660156
0.046974897384643555
0.049455881118774414
0.05336189270019531
0.05341219902038574
0.05359482765197754
0.05400276184082031
0.05604410171508789
0.05792498588562012
0.06035113334655762
0.06194496154785156
0.06254315376281738
0.0632939338684082
0.0633242130279541
0.06426620483398438
0.06625986099243164
0.06691622734069824
0.06798005104064941
0.06802487373352051
0.06843900680541992
0.06932687759399414
0.0696110725402832
0.07061386108398438
0.07272100448608398
0.0727529525756836
0.07276391983032227
0.07341599464416504
0.07506895065307617
0.07792210578918457
0.07852315902709961
0.08011913299560547
0.08355307579040527
0.08434224128723145
0.0851280689239502
0.08536291122436523
0.08546590805053711
0.08576798439025879
0.0859682559967041
0.08632087707519531
0.08669590950012207
0.08845114707946777
0.08924007415771484
0.08926272392272949
0.08943700790405273
0.0895390510559082
0.09081602096557617
0.09118318557739258
0.09122276306152344
0.09269094467163086
0.09294414520263672
0.09331798553466797
0.09424018859863281
0.09458613395690918
0.09474897384643555
0.09583210945129395
0.09664011001586914
0.0977931022644043
0.09875893592834473
0.0991060733795166
0.10000896453857422
0.10038495063781738
0.10167407989501953
0.1037302017211914
0.1048119068145752
0.10486602783203125
0.10541415214538574
0.10655808448791504
0.10750198364257812
0.10768413543701172
0.1079709529876709
0.1109471321105957
0.11107087135314941
0.11323881149291992
0.11518001556396484
0.11623597145080566
0.1162421703338623
0.11763691902160645
0.1206667423248291
0.12209486961364746
0.12440109252929688
0.12587690353393555
0.12757515907287598
0.12856602668762207
0.12915802001953125
0.13085484504699707
0.1317307949066162
0.13318896293640137
0.13380694389343262
0.13445687294006348
0.13604092597961426
0.13825297355651855
0.14016485214233398
0.14020991325378418
0.14022207260131836
0.14032411575317383
0.14189672470092773
0.14282703399658203
0.14310193061828613
0.14870715141296387
0.14947080612182617
0.14988112449645996
0.15053296089172363
0.15320587158203125
0.15343785285949707
0.15365910530090332
0.1539461612701416
0.15616798400878906
0.15774893760681152
0.15775513648986816
0.15817499160766602
0.15987110137939453
0.1604769229888916
0.16086912155151367
0.16097402572631836
0.16355586051940918
0.16411685943603516
0.16726398468017578
0.1673588752746582
0.16820597648620605
0.1685492992401123
0.16904187202453613
0.16985297203063965
0.16985797882080078
0.1706082820892334
0.17142987251281738
0.17145991325378418
0.1728959083557129
0.1737840175628662
0.17421793937683105
0.17476105690002441
0.17551875114440918
0.17618179321289062
0.17638397216796875
0.17648696899414062
0.17683196067810059
0.17875289916992188
0.17902922630310059
0.17940568923950195
0.18080878257751465
0.18169498443603516
0.18236517906188965
0.1842031478881836
0.18448400497436523
0.18545889854431152
0.1858971118927002
0.18596100807189941
0.18704819679260254
0.18867087364196777
0.18903398513793945
0.18999600410461426
0.19071412086486816
0.19267702102661133
0.19274497032165527
0.19287705421447754
0.19328713417053223
0.1944868564605713
0.1971149444580078
0.19780802726745605
0.1990799903869629
0.200545072555542
0.20065903663635254
0.2006981372833252
0.201646089553833
0.20279288291931152
0.20331978797912598
0.20509791374206543
0.20570135116577148
0.20618319511413574
0.20923709869384766
0.2106947898864746
0.2135310173034668
0.21408915519714355
0.2141270637512207
0.22219204902648926
0.22256207466125488
0.22258305549621582
0.22353005409240723
0.22490596771240234
0.22725796699523926
0.23007798194885254
0.23492789268493652
0.23671817779541016
0.24600791931152344
0.25931787490844727
0.2602708339691162
0.26192283630371094
0.2666740417480469
0.2694230079650879
0.2798769474029541
0.28771090507507324
0.2959859371185303
0.2999429702758789
0.3172152042388916
0.3297250270843506
0.33068227767944336
0.35717296600341797
0.3678281307220459
0.41950273513793945
0.42262911796569824
0.47545599937438965
0.521204948425293
0.5268478393554688
0.5946369171142578
0.7387850284576416
